/usr/bin/python -u  "/home/shreyas/Documents/python/lib.py"
0, -125.000, -0.056, -125.056
1, 23.000, 0.024, 23.024
2, 62.000, 0.041, 62.041
3, 84.000, -0.054, 83.946
4, -10.000, 0.030, -9.970
5, -112.000, -0.017, -112.017
6, 93.000, -0.045, 92.955
7, 100.000, 0.056, 100.056
8, 26.000, 0.050, 26.050
9, -10.000, 0.023, -9.977
10, 78.000, -0.030, 77.970
11, -24.000, -0.037, -24.037
12, -49.000, -0.049, -49.049
13, -4.000, 0.016, -3.984
14, -113.000, 0.022, -112.978
15, -70.000, -0.013, -70.013
16, 110.000, -0.043, 109.957
17, 48.000, 0.030, 48.030
18, 103.000, -0.011, 102.989
19, 115.000, -0.022, 114.978
20, 56.000, 0.008, 56.008
21, -88.000, 0.000, -88.000
22, -58.000, 0.031, -57.969
23, -107.000, -0.053, -107.053
24, -1.000, -0.030, -1.030
25, -116.000, 0.006, -115.994
26, -25.000, -0.026, -25.026
27, -111.000, -0.008, -111.008
28, -22.000, 0.003, -21.997
29, -76.000, 0.023, -75.977
30, -34.000, -0.067, -34.067
31, -122.000, 0.019, -121.981
32, -41.000, 0.004, -40.996
33, 127.000, -0.068, 126.932
34, -62.000, 0.040, -61.960
35, 78.000, -0.076, 77.924
36, -106.000, 0.065, -105.935
37, -29.000, -0.034, -29.034
38, -70.000, -0.038, -70.038
39, -127.000, 0.054, -126.946
40, 37.000, -0.018, 36.982
41, 22.000, 0.023, 22.023
42, -50.000, -0.062, -50.062
43, -13.000, 0.042, -12.958
44, -46.000, 0.036, -45.964
45, 29.000, 0.070, 29.070
46, -114.000, -0.062, -114.062
47, 127.000, -0.006, 126.994
48, 100.000, 0.043, 100.043
49, -60.000, -0.059, -60.059
50, 85.000, -0.021, 84.979
51, 89.000, -0.027, 88.973
52, -93.000, -0.010, -93.010
53, 113.000, 0.038, 113.038
54, 10.000, 0.013, 10.013
55, 88.000, 0.011, 88.011
56, -124.000, 0.024, -123.976
57, 111.000, 0.008, 111.008
58, -107.000, 0.001, -106.999
59, -128.000, 0.077, -127.923
60, 22.000, 0.038, 22.038
61, 89.000, 0.020, 89.020
62, -12.000, -0.039, -12.039
63, -96.000, -0.002, -96.002
64, -48.000, -0.059, -48.059
65, 86.000, -0.010, 85.990
66, 0.000, 0.007, 0.007
67, 95.000, 0.006, 95.006
68, 93.000, -0.043, 92.957
69, -68.000, -0.025, -68.025
70, 123.000, -0.023, 122.977
71, 18.000, 0.010, 18.010
72, -50.000, -0.023, -50.023
73, 89.000, -0.069, 88.931
74, -44.000, -0.074, -44.074
75, -80.000, -0.010, -80.010
76, 19.000, -0.000, 19.000
77, -6.000, -0.018, -6.018
78, -81.000, 0.054, -80.946
79, -70.000, 0.055, -69.945
80, 69.000, 0.010, 69.010
81, -3.000, -0.021, -3.021
82, -65.000, -0.021, -65.021
83, 19.000, -0.028, 18.972
84, 78.000, -0.022, 77.978
85, 45.000, -0.052, 44.948
86, 7.000, 0.059, 7.059
87, -110.000, 0.029, -109.971
88, 0.000, 0.052, 0.052
89, 95.000, -0.057, 94.943
90, 6.000, 0.011, 6.011
91, 105.000, 0.027, 105.027
92, 110.000, -0.014, 109.986
93, 125.000, -0.049, 124.951
94, 78.000, 0.028, 78.028
95, -39.000, 0.075, -38.925
96, -70.000, 0.043, -69.957
97, 86.000, -0.028, 85.972
98, -121.000, 0.018, -120.982
99, -3.000, 0.008, -2.992



0, -125.903, -0.056, -125.959
1, 23.382, 0.024, 23.406
2, 62.662, 0.041, 62.704
3, 83.133, -0.054, 83.079
4, -9.518, 0.030, -9.488
5, -112.269, -0.017, -112.286
6, 92.273, -0.045, 92.227
7, 100.889, 0.056, 100.944
8, 26.802, 0.050, 26.853
9, -9.635, 0.023, -9.612
10, 77.514, -0.030, 77.484
11, -24.585, -0.037, -24.621
12, -49.784, -0.049, -49.833
13, -3.748, 0.016, -3.732
14, -112.645, 0.022, -112.622
15, -70.210, -0.013, -70.224
16, 109.304, -0.043, 109.261
17, 48.476, 0.030, 48.506
18, 102.831, -0.011, 102.820
19, 114.653, -0.022, 114.632
20, 56.122, 0.008, 56.129
21, -87.995, 0.000, -87.995
22, -57.504, 0.031, -57.474
23, 107.105, -0.053, -107.053
24, -1.484, -0.030, -1.515
25, -115.899, 0.006, -115.892
26, -25.410, -0.026, -25.436
27, -111.125, -0.008, -111.132
28, -21.945, 0.003, -21.941
29, -75.629, 0.023, -75.606
30, -35.080, -0.067, -35.147
31, -121.702, 0.019, -121.683
32, -40.934, 0.004, -40.930
33, 125.905, -0.068, 125.837
34, -61.368, 0.040, -61.328
35, 76.782, -0.076, 76.706
36, -104.961, 0.065, -104.896
37, -29.542, -0.034, -29.576
38, -70.608, -0.038, -70.646
39, -126.143, 0.054, -126.090
40, 36.717, -0.018, 36.700
41, 22.369, 0.023, 22.392
42, -50.996, -0.062, -51.058
43, -12.329, 0.042, -12.287
44, -45.416, 0.036, -45.380
45, 30.124, 0.070, 30.194
46, -114.998, -0.062, -115.060
47, 126.896, -0.006, 126.890
48, 100.687, 0.043, 100.730
49, -60.949, -0.059, -61.008
50, 84.656, -0.021, 84.635
51, 88.569, -0.027, 88.542
52, -93.165, -0.010, -93.176
53, 113.608, 0.038, 113.646
54, 10.210, 0.013, 10.224
55, 88.174, 0.011, 88.185
56, -123.612, 0.024, -123.588
57, 111.131, 0.008, 111.139
58, -106.982, 0.001, -106.981
59, -126.767, 0.077, -126.690
60, 22.609, 0.038, 22.647
61, 89.320, 0.020, 89.340
62, -12.625, -0.039, -12.664
63, -96.036, -0.002, -96.038
64, -48.951, -0.059, -49.010
65, 85.834, -0.010, 85.824
66, 0.114, 0.007, 0.121
67, 95.098, 0.006, 95.104
68, 92.316, -0.043, 92.273
69, -68.395, -0.025, -68.420
70, 122.637, -0.023, 122.615
71, 18.154, 0.010, 18.163
72, -50.371, -0.023, -50.395
73, 87.898, -0.069, 87.829
74, -45.178, -0.074, -45.252
75, -80.158, -0.010, -80.168
76, 18.993, -0.000, 18.992
77, -6.282, -0.018, -6.300
78, -80.140, 0.054, -80.086
79, -69.124, 0.055, -69.070
80, 69.167, 0.010, 69.178
81, -3.334, -0.021, -3.355
82, -65.331, -0.021, -65.352
83, 18.549, -0.028, 18.521
84, 77.642, -0.022, 77.620
85, 44.165, -0.052, 44.113
86, 7.945, 0.059, 8.004
87, -109.541, 0.029, -109.513
88, 0.834, 0.052, 0.886
89, 94.080, -0.057, 94.023
90, 6.177, 0.011, 6.188
91, 105.438, 0.027, 105.465
92, 109.771, -0.014, 109.757
93, 124.213, -0.049, 124.164
94, 78.451, 0.028, 78.479
95, -37.802, 0.075, -37.727
96, -69.313, 0.043, -69.270
97, 85.554, -0.028, 85.526
98, -120.704, 0.018, -120.686
99, -2.873, 0.008, -2.865



Conflict detected between 14 and 27
Conflict detected between 14 and 27
Conflict detected between 14 and 27
Conflict detected between 14 and 27
Conflict detected between 14 and 27
Conflict detected between 14 and 27
Conflict detected between 14 and 27
Conflict detected between 14 and 27
Conflict detected between 14 and 27
Conflict detected between 14 and 27
Conflict detected between 14 and 27
Conflict detected between 14 and 27
Conflict detected between 14 and 27
Conflict detected between 14 and 27
Conflict detected between 14 and 27
Conflict detected between 14 and 27
Conflict detected between 14 and 27
Conflict detected between 14 and 27
Conflict detected between 14 and 27
Conflict detected between 14 and 27
Conflict detected between 14 and 27
Conflict detected between 14 and 27
Conflict detected between 14 and 27
Conflict detected between 14 and 27
Conflict detected between 14 and 27
Conflict detected between 14 and 27
Conflict detected between 14 and 27
Conflict detected between 14 and 27
Conflict detected between 14 and 27
Conflict detected between 14 and 27
Conflict detected between 14 and 27
Conflict detected between 14 and 27
Conflict detected between 14 and 27
Conflict detected between 14 and 27
Conflict detected between 14 and 27
Conflict detected between 14 and 27
Conflict detected between 14 and 27
Conflict detected between 14 and 27
Conflict detected between 14 and 27
Conflict detected between 14 and 27
Conflict detected between 14 and 27
Conflict detected between 14 and 27
Conflict detected between 14 and 27
Conflict detected between 14 and 27
Conflict detected between 14 and 27
Conflict detected between 14 and 27
Conflict detected between 14 and 27
Conflict detected between 14 and 27
Conflict detected between 14 and 27
Conflict avoided successfully between 14 27


/usr/bin/python -u  "/home/shreyas/Documents/python/lib.py"
0, 0.000, 0.048, 0.048
1, -101.000, 0.026, -100.974
2, -89.000, -0.044, -89.044
3, 77.000, 0.078, 77.078
4, 20.000, 0.043, 20.043
5, -100.000, -0.079, -100.079
6, -112.000, 0.066, -111.934
7, 38.000, -0.020, 37.980
8, -109.000, -0.005, -109.005
9, -90.000, 0.059, -89.941
10, 117.000, 0.079, 117.079
11, 107.000, -0.027, 106.973
12, -7.000, -0.031, -7.031
13, 3.000, -0.066, 2.934
14, 47.000, -0.019, 46.981
15, -37.000, 0.010, -36.990
16, -83.000, 0.073, -82.927
17, -31.000, -0.022, -31.022
18, 101.000, -0.058, 100.942
19, 67.000, -0.004, 66.996
20, -16.000, 0.040, -15.960
21, -43.000, -0.007, -43.007
22, -1.000, -0.041, -1.041
23, -19.000, -0.019, -19.019
24, 39.000, -0.019, 38.981
25, 1.000, -0.070, 0.930
26, -67.000, -0.031, -67.031
27, 17.000, -0.014, 16.986
28, -74.000, 0.049, -73.951
29, 128.000, -0.039, 127.961
30, 82.000, 0.005, 82.005
31, -76.000, -0.011, -76.011
32, 20.000, -0.014, 19.986
33, 32.000, 0.038, 32.038
34, -115.000, -0.047, -115.047
35, 127.000, -0.006, 126.994
36, -24.000, 0.075, -23.925
37, 99.000, -0.013, 98.987
38, 1.000, -0.004, 0.996
39, 40.000, 0.001, 40.001
40, -17.000, 0.062, -16.938
41, 19.000, -0.006, 18.994
42, 102.000, 0.067, 102.067
43, -17.000, -0.016, -17.016
44, -56.000, -0.028, -56.028
45, 107.000, -0.009, 106.991
46, 55.000, 0.036, 55.036
47, 79.000, -0.004, 78.996
48, -128.000, 0.022, -127.978
49, -77.000, -0.051, -77.051
50, -68.000, 0.020, -67.980
51, 73.000, -0.023, 72.977
52, -25.000, 0.006, -24.994
53, -68.000, -0.054, -68.054
54, -51.000, 0.004, -50.996
55, 28.000, 0.001, 28.001
56, -104.000, 0.003, -103.997
57, 42.000, 0.003, 42.003
58, -127.000, -0.055, -127.055
59, 60.000, 0.049, 60.049
60, -30.000, -0.025, -30.025
61, -92.000, 0.005, -91.995
62, 8.000, 0.046, 8.046
63, -72.000, -0.024, -72.024
64, 59.000, 0.037, 59.037
65, -7.000, -0.007, -7.007
66, -18.000, -0.030, -18.030
67, 0.000, -0.017, -0.017
68, -82.000, 0.005, -81.995
69, 98.000, 0.029, 98.029
70, -23.000, 0.047, -22.953
71, 93.000, 0.072, 93.072
72, -44.000, 0.041, -43.959
73, 78.000, 0.024, 78.024
74, -64.000, -0.026, -64.026
75, 56.000, 0.045, 56.045
76, -7.000, 0.056, -6.944
77, 58.000, 0.017, 58.017
78, 121.000, 0.041, 121.041
79, 27.000, 0.008, 27.008
80, -83.000, 0.003, -82.997
81, 12.000, -0.027, 11.973
82, 120.000, 0.041, 120.041
83, 85.000, 0.035, 85.035
84, 78.000, -0.006, 77.994
85, 110.000, -0.003, 109.997
86, -127.000, 0.064, -126.936
87, 81.000, 0.033, 81.033
88, 58.000, 0.004, 58.004
89, 76.000, -0.072, 75.928
90, 106.000, -0.002, 105.998
91, -72.000, -0.069, -72.069
92, -39.000, -0.015, -39.015
93, -128.000, -0.056, -128.056
94, -49.000, 0.003, -48.997
95, -6.000, -0.032, -6.032
96, 68.000, 0.054, 68.054
97, -10.000, -0.010, -10.010
98, 118.000, -0.008, 117.992
99, 31.000, -0.006, 30.994



0, 0.767, 0.048, 0.815
1, -100.582, 0.026, -100.556
2, -89.710, -0.044, -89.755
3, 78.243, 0.078, 78.320
4, 20.694, 0.043, 20.738
5, -101.262, -0.079, -101.341
6, -110.948, 0.066, -110.882
7, 37.683, -0.020, 37.663
8, -109.087, -0.005, -109.092
9, 89.882, 0.059, -89.941
10, 118.271, 0.079, 118.350
11, 106.576, -0.027, 106.549
12, -7.495, -0.031, -7.526
13, 1.952, -0.066, 1.886
14, 46.698, -0.019, 46.679
15, -36.844, 0.010, -36.834
16, -81.831, 0.073, -81.758
17, -31.345, -0.022, -31.367
18, 100.068, -0.058, 100.009
19, 66.942, -0.004, 66.938
20, -15.366, 0.040, -15.327
21, -43.117, -0.007, -43.124
22, -1.659, -0.041, -1.700
23, -19.300, -0.019, -19.319
24, 38.699, -0.019, 38.680
25, -0.115, -0.070, -0.185
26, -67.491, -0.031, -67.522
27, 16.783, -0.014, 16.769
28, -73.216, 0.049, -73.167
29, 127.375, -0.039, 127.336
30, 82.085, 0.005, 82.090
31, -76.183, -0.011, -76.194
32, 19.769, -0.014, 19.754
33, 32.614, 0.038, 32.652
34, -115.760, -0.047, -115.807
35, 126.896, -0.006, 126.890
36, -22.803, 0.075, -22.729
37, 98.787, -0.013, 98.774
38, 0.942, -0.004, 0.938
39, 40.020, 0.001, 40.021
40, -16.003, 0.062, -15.941
41, 18.903, -0.006, 18.897
42, 103.065, 0.067, 103.132
43, -17.261, -0.016, -17.278
44, -56.449, -0.028, -56.478
45, 106.864, -0.009, 106.855
46, 55.571, 0.036, 55.606
47, 78.943, -0.004, 78.940
48, -127.650, 0.022, -127.628
49, -77.820, -0.051, -77.871
50, -67.674, 0.020, -67.653
51, 72.626, -0.023, 72.602
52, -24.898, 0.006, -24.891
53, -68.871, -0.054, -68.925
54, -50.940, 0.004, -50.936
55, 28.014, 0.001, 28.015
56, -103.955, 0.003, -103.953
57, 42.048, 0.003, 42.051
58, -127.882, -0.055, -127.937
59, 60.777, 0.049, 60.825
60, -30.397, -0.025, -30.422
61, -91.918, 0.005, -91.913
62, 8.731, 0.046, 8.776
63, -72.391, -0.024, -72.415
64, 59.587, 0.037, 59.624
65, -7.114, -0.007, -7.121
66, -18.482, -0.030, -18.512
67, -0.272, -0.017, -0.289
68, -81.921, 0.005, -81.916
69, 98.469, 0.029, 98.499
70, -22.255, 0.047, -22.209
71, 94.146, 0.072, 94.217
72, -43.340, 0.041, -43.299
73, 78.378, 0.024, 78.402
74, -64.421, -0.026, -64.448
75, 56.725, 0.045, 56.770
76, -6.100, 0.056, -6.044
77, 58.268, 0.017, 58.285
78, 121.656, 0.041, 121.697
79, 27.121, 0.008, 27.129
80, -82.952, 0.003, -82.948
81, 11.572, -0.027, 11.545
82, 120.660, 0.041, 120.701
83, 85.559, 0.035, 85.594
84, 77.904, -0.006, 77.898
85, 109.945, -0.003, 109.941
86, -125.969, 0.064, -125.904
87, 81.527, 0.033, 81.560
88, 58.067, 0.004, 58.072
89, 74.845, -0.072, 74.773
90, 105.963, -0.002, 105.961
91, -73.105, -0.069, -73.174
92, -39.233, -0.015, -39.247
93, 128.113, -0.056, -128.056
94, -48.946, 0.003, -48.943
95, -6.511, -0.032, -6.543
96, 68.860, 0.054, 68.913
97, -10.166, -0.010, -10.177
98, 117.876, -0.008, 117.868
99, 30.898, -0.006, 30.891



Conflict detected between 64 and 77
Conflict avoided successfully between 64 77


usr/bin/python -u  "/home/shreyas/Documents/python/lib.py"
0, -50.000, -0.026, -50.026
1, -56.000, 0.050, -55.950
2, 90.000, 0.013, 90.013
3, 75.000, -0.026, 74.974
4, -82.000, 0.047, -81.953
5, -117.000, 0.007, -116.993
6, 26.000, 0.013, 26.013
7, 57.000, 0.047, 57.047
8, -71.000, 0.007, -70.993
9, -115.000, -0.023, -115.023
10, -2.000, 0.001, -1.999
11, -6.000, 0.017, -5.983
12, -24.000, 0.033, -23.967
13, -81.000, 0.010, -80.990
14, -35.000, -0.004, -35.004
15, 27.000, -0.027, 26.973
16, -79.000, -0.043, -79.043
17, -88.000, 0.005, -87.995
18, -118.000, 0.075, -117.925
19, -55.000, -0.016, -55.016
20, -73.000, 0.016, -72.984
21, 41.000, -0.000, 41.000
22, -28.000, 0.028, -27.972
23, -127.000, 0.026, -126.974
24, 79.000, -0.042, 78.958
25, -2.000, -0.035, -2.035
26, -27.000, -0.065, -27.065
27, 51.000, -0.016, 50.984
28, -80.000, -0.023, -80.023
29, -109.000, 0.004, -108.996
30, 30.000, 0.038, 30.038
31, 11.000, -0.064, 10.936
32, -97.000, 0.016, -96.984
33, 52.000, -0.028, 51.972
34, 41.000, 0.060, 41.060
35, -93.000, -0.043, -93.043
36, 20.000, -0.010, 19.990
37, -29.000, 0.001, -28.999
38, -122.000, 0.008, -121.992
39, -56.000, 0.029, -55.971
40, -18.000, 0.024, -17.976
41, 128.000, 0.002, 128.002
42, -45.000, -0.047, -45.047
43, 109.000, 0.048, 109.048
44, 58.000, 0.054, 58.054
45, -23.000, -0.021, -23.021
46, 43.000, -0.025, 42.975
47, -125.000, 0.006, -124.994
48, -69.000, 0.022, -68.978
49, 12.000, 0.064, 12.064
50, 109.000, -0.039, 108.961
51, -114.000, -0.020, -114.020
52, 52.000, -0.081, 51.919
53, 8.000, 0.051, 8.051
54, 65.000, -0.034, 64.966
55, -17.000, -0.025, -17.025
56, 119.000, 0.031, 119.031
57, -25.000, 0.066, -24.934
58, -94.000, -0.006, -94.006
59, -122.000, 0.043, -121.957
60, 113.000, -0.002, 112.998
61, -54.000, 0.006, -53.994
62, 64.000, -0.013, 63.987
63, 27.000, -0.052, 26.948
64, 112.000, -0.022, 111.978
65, -65.000, 0.014, -64.986
66, 24.000, -0.025, 23.975
67, -91.000, 0.006, -90.994
68, 9.000, -0.051, 8.949
69, 83.000, -0.041, 82.959
70, -21.000, -0.010, -21.010
71, -100.000, 0.075, -99.925
72, -82.000, 0.021, -81.979
73, -35.000, -0.068, -35.068
74, 9.000, 0.010, 9.010
75, -90.000, 0.030, -89.970
76, 127.000, 0.051, 127.051
77, -92.000, -0.033, -92.033
78, -53.000, -0.039, -53.039
79, -102.000, -0.023, -102.023
80, 40.000, 0.041, 40.041
81, -29.000, -0.005, -29.005
82, 65.000, 0.035, 65.035
83, 89.000, 0.034, 89.034
84, -25.000, -0.008, -25.008
85, 48.000, -0.023, 47.977
86, 58.000, 0.049, 58.049
87, 21.000, -0.039, 20.961
88, 62.000, 0.027, 62.027
89, 46.000, -0.063, 45.937
90, -68.000, -0.064, -68.064
91, 45.000, 0.044, 45.044
92, 53.000, 0.041, 53.041
93, 99.000, 0.044, 99.044
94, 3.000, -0.016, 2.984
95, -119.000, -0.070, -119.070
96, 7.000, 0.070, 7.070
97, 102.000, -0.013, 101.987
98, -53.000, -0.029, -53.029
99, 127.000, -0.026, 126.974



0, -50.418, -0.026, -50.444
1, -55.193, 0.050, -55.142
2, 90.201, 0.013, 90.214
3, 74.587, -0.026, 74.561
4, -81.245, 0.047, -81.198
5, -116.885, 0.007, -116.878
6, -26.026, 0.013, 26.013
7, 57.757, 0.047, 57.804
8, -70.892, 0.007, -70.885
9, -115.364, -0.023, -115.386
10, -1.985, 0.001, -1.984
11, -5.724, 0.017, -5.707
12, -23.478, 0.033, -23.445
13, -80.837, 0.010, -80.827
14, -35.066, -0.004, -35.070
15, 26.571, -0.027, 26.544
16, -79.691, -0.043, -79.734
17, -87.926, 0.005, -87.921
18, -116.793, 0.075, -116.718
19, -55.256, -0.016, -55.272
20, -72.751, 0.016, -72.735
21, 40.996, -0.000, 40.996
22, -27.555, 0.028, -27.527
23, -126.588, 0.026, -126.562
24, 78.324, -0.042, 78.281
25, -2.566, -0.035, -2.601
26, -28.039, -0.065, -28.104
27, 50.742, -0.016, 50.726
28, -80.375, -0.023, -80.398
29, -108.931, 0.004, -108.927
30, 30.615, 0.038, 30.653
31, 9.983, -0.064, 9.920
32, -96.742, 0.016, -96.726
33, 51.556, -0.028, 51.529
34, 41.958, 0.060, 42.018
35, -93.687, -0.043, -93.729
36, 19.848, -0.010, 19.838
37, -28.991, 0.001, -28.991
38, -121.869, 0.008, -121.861
39, -55.536, 0.029, -55.507
40, -17.620, 0.024, -17.596
41, -128.005, 0.002, 128.002
42, -45.748, -0.047, -45.795
43, 109.773, 0.048, 109.822
44, 58.867, 0.054, 58.921
45, -23.333, -0.021, -23.353
46, 42.600, -0.025, 42.575
47, -124.909, 0.006, -124.904
48, -68.643, 0.022, -68.621
49, 13.026, 0.064, 13.090
50, 108.374, -0.039, 108.335
51, -114.327, -0.020, -114.347
52, 50.700, -0.081, 50.619
53, 8.812, 0.051, 8.863
54, 64.451, -0.034, 64.417
55, -17.398, -0.025, -17.422
56, 119.494, 0.031, 119.524
57, -23.945, 0.066, -23.879
58, -94.095, -0.006, -94.101
59, -121.312, 0.043, -121.269
60, 112.974, -0.002, 112.972
61, -53.908, 0.006, -53.902
62, 63.787, -0.013, 63.774
63, 26.160, -0.052, 26.108
64, 111.647, -0.022, 111.624
65, -64.778, 0.014, -64.764
66, 23.595, -0.025, 23.569
67, -90.900, 0.006, -90.894
68, 8.191, -0.051, 8.140
69, 82.338, -0.041, 82.296
70, -21.164, -0.010, -21.174
71, -98.795, 0.075, -98.720
72, -81.671, 0.021, -81.650
73, -36.092, -0.068, -36.160
74, 9.166, 0.010, 9.177
75, -89.516, 0.030, -89.485
76, 127.811, 0.051, 127.862
77, -92.534, -0.033, -92.567
78, -53.632, -0.039, -53.671
79, -102.365, -0.023, -102.388
80, 40.660, 0.041, 40.701
81, -29.087, -0.005, -29.093
82, 65.556, 0.035, 65.591
83, 89.538, 0.034, 89.572
84, -25.134, -0.008, -25.142
85, 47.624, -0.023, 47.601
86, 58.780, 0.049, 58.829
87, 20.369, -0.039, 20.330
88, 62.433, 0.027, 62.460
89, 44.986, -0.063, 44.923
90, -69.017, -0.064, -69.080
91, 45.697, 0.044, 45.741
92, 53.663, 0.041, 53.704
93, 99.698, 0.044, 99.742
94, 2.742, -0.016, 2.726
95, -120.118, -0.070, -120.187
96, 8.126, 0.070, 8.196
97, 101.794, -0.013, 101.781
98, -53.471, -0.029, -53.500
99, 126.588, -0.026, 126.562



Conflict detected between 7 and 86
Conflict detected between 7 and 86
Conflict detected between 7 and 86
Conflict detected between 7 and 86
Conflict detected between 7 and 86
Conflict detected between 7 and 86
Conflict detected between 7 and 86
Conflict detected between 7 and 86
Conflict detected between 7 and 86
Conflict avoided successfully between 7 86


